[gd_resource type="Resource" script_class="HandPoseCatalogue" load_steps=33 format=3 uid="uid://csy7fd4i3c7qw"]

[ext_resource type="Script" path="res://XRHandtrackingTools/TrackedHands/hand_pose.gd" id="1"]
[ext_resource type="Script" path="res://XRHandtrackingTools/TrackedHands/hand_pose_catalogue.gd" id="2"]

[sub_resource type="Resource" id="Resource_5ugny"]
script = ExtResource("1")
name = "Cup"
hand = 0
bone_poses = {
0: Transform3D(1, 0, 0, 0, 1, 0, 0, 0, 1, -0.000697959, 0.00623871, 0.0674812),
1: Transform3D(-0.318235, 0.934985, -0.15662, -0.580347, -0.0615034, 0.812044, 0.749616, 0.349314, 0.562188, 0.0221234, -0.0183827, 0.0284887),
2: Transform3D(-0.147504, 0.989041, 0.0062948, -0.68969, -0.107417, 0.716093, 0.708922, 0.101285, 0.697977, 0.0273413, -0.0454366, 0.00975898),
3: Transform3D(-0.308175, 0.951323, 0.00346037, -0.571262, -0.187963, 0.798955, 0.760715, 0.244241, 0.60138, 0.0271233, -0.0702332, -0.0144104),
4: Transform3D(-0.308175, 0.951323, 0.00346037, -0.571262, -0.187963, 0.798955, 0.760715, 0.244241, 0.60138, 0.0282489, -0.0901706, -0.0298296),
5: Transform3D(1, 0, 0, 0, 1, 0, 0, 0, 1, 0.0155392, -0.00757141, 0.0283116),
6: Transform3D(0.993845, 0.0246271, 0.108012, -0.0797476, 0.835799, 0.543213, -0.0768983, -0.548483, 0.832618, 0.0234343, -0.00125844, -0.0308857),
7: Transform3D(0.992211, -0.0928984, 0.0829884, -0.045074, 0.353319, 0.934417, -0.116127, -0.930879, 0.346379, 0.0192365, -0.0223698, -0.0632445),
8: Transform3D(0.983716, -0.150361, 0.0984619, -0.0832614, 0.104256, 0.991059, -0.159282, -0.983119, 0.0900392, 0.0171698, -0.0456404, -0.0718706),
9: Transform3D(0.983716, -0.150361, 0.0984619, -0.0832614, 0.104256, 0.991059, -0.159282, -0.983119, 0.0900392, 0.0144576, -0.0682164, -0.0749183),
10: Transform3D(1, 0, 0, 0, 1, 0, 0, 0, 1, -0.00107056, -0.00363273, 0.0305274),
11: Transform3D(0.993822, -0.0655339, 0.0895763, 0.0101722, 0.857456, 0.514456, -0.110522, -0.510366, 0.852825, 0.00107056, 0.00363274, -0.0305274),
12: Transform3D(0.991092, -0.1329, 0.00857395, 0.0259035, 0.255525, 0.966455, -0.130632, -0.957625, 0.256691, -0.00286965, -0.0189967, -0.0680408),
13: Transform3D(0.96988, -0.238327, -0.05033, 0.0501507, -0.00681964, 0.998718, -0.238365, -0.971161, 0.00533806, -0.00311172, -0.0462797, -0.0752871),
14: Transform3D(0.96988, -0.238327, -0.05033, 0.0501507, -0.00681964, 0.998718, -0.238365, -0.971161, 0.00533806, -0.00240869, -0.0718521, -0.07648),
15: Transform3D(1, 0, 0, 0, 1, 0, 0, 0, 1, -0.0160605, 7.43717e-05, 0.0318469),
16: Transform3D(0.982685, -0.161015, 0.0916743, 0.0952006, 0.863251, 0.495717, -0.158956, -0.478406, 0.863632, -0.0185945, -0.000451844, -0.023403),
17: Transform3D(0.965674, -0.253206, -0.0579775, 0.158881, 0.399174, 0.903005, -0.205503, -0.881219, 0.425701, -0.0222578, -0.0202603, -0.0579129),
18: Transform3D(0.951578, -0.232232, -0.201415, 0.221406, 0.0632192, 0.97313, -0.213259, -0.970604, 0.111576, -0.020679, -0.0448487, -0.0695046),
19: Transform3D(0.951578, -0.232232, -0.201415, 0.221406, 0.0632192, 0.97313, -0.213259, -0.970604, 0.111576, -0.0162926, -0.0690602, -0.0738289),
20: Transform3D(0.87488, -0.405979, 0.264133, 0.395699, 0.913602, 0.0935651, -0.279298, 0.0226591, 0.959937, -0.0242645, -0.00341374, 0.0325662),
21: Transform3D(0.949897, -0.311247, 0.0286626, 0.252356, 0.817799, 0.517225, -0.184425, -0.484077, 0.855369, -0.0366177, -0.00779058, -0.0123383),
22: Transform3D(0.91024, -0.411753, -0.0438443, 0.281705, 0.538164, 0.794369, -0.303489, -0.735417, 0.605851, -0.03752, -0.0240724, -0.0392645),
23: Transform3D(0.898505, -0.384229, -0.212264, 0.361744, 0.374208, 0.853879, -0.248654, -0.844, 0.475221, -0.0366075, -0.0406056, -0.0518741),
24: Transform3D(0.898505, -0.384229, -0.212264, 0.361744, 0.374208, 0.853879, -0.248654, -0.844, 0.475221, -0.0320911, -0.0592292, -0.0636639),
25: Transform3D(1, 0, 0, 0, 1, 0, 0, 0, 1, 0, 0, 0)
}

[sub_resource type="Resource" id="Resource_gwso4"]
script = ExtResource("1")
name = "Fist"
hand = 0
bone_poses = {
0: Transform3D(1, 0, 0, 0, 1, 0, 0, 0, 1, -0.00210735, 0.00565261, 0.0669794),
1: Transform3D(-0.196442, 0.855596, -0.478922, -0.746179, 0.186424, 0.639111, 0.636103, 0.48291, 0.601806, 0.0263516, -0.0142799, 0.029994),
2: Transform3D(-0.0283271, 0.985803, 0.165499, -0.791503, -0.12324, 0.59861, 0.610508, -0.114036, 0.783757, 0.0423073, -0.0355724, 0.00994436),
3: Transform3D(-0.124342, 0.688618, 0.714384, -0.705047, -0.567914, 0.424714, 0.698174, -0.450865, 0.556123, 0.0365764, -0.0563009, -0.0171953),
4: Transform3D(-0.124342, 0.688618, 0.714384, -0.705047, -0.567914, 0.424714, 0.698174, -0.450865, 0.556123, 0.0193854, -0.0671161, -0.0321626),
5: Transform3D(1, 0, 0, 0, 1, 0, 0, 0, 1, 0.0169485, -0.00581312, 0.0288134),
6: Transform3D(0.994811, 0.0803609, 0.0623899, -0.0856274, 0.330203, 0.940018, 0.0549393, -0.940483, 0.335371, 0.0220249, -0.00184456, -0.0313875),
7: Transform3D(0.996775, -0.0800121, 0.00607428, -0.080135, -0.9965, 0.023796, 0.00414904, -0.024206, -0.999699, 0.0196002, -0.0383773, -0.0444213),
8: Transform3D(0.99479, -0.0667423, -0.0770614, -0.093502, -0.296107, -0.950567, 0.0406246, 0.95282, -0.300804, 0.0194489, -0.0389699, -0.0195249),
9: Transform3D(0.99479, -0.0667423, -0.0770614, -0.093502, -0.296107, -0.950567, 0.0406246, 0.95282, -0.300804, 0.0208434, -0.0174698, -0.0116433),
10: Transform3D(1, 0, 0, 0, 1, 0, 0, 0, 1, 0.000338856, -0.00304665, 0.0310292),
11: Transform3D(0.996082, -0.0865948, 0.0179585, 0.00865691, 0.297562, 0.954663, -0.0880127, -0.950767, 0.297145, -0.000338816, 0.00304664, -0.0310292),
12: Transform3D(0.993396, -0.0118694, -0.11412, 0.00534994, -0.988761, 0.14941, -0.114611, -0.149034, -0.982168, -0.00112876, -0.0389462, -0.0440998),
13: Transform3D(0.980961, -0.0256467, -0.192502, -0.176011, -0.536294, -0.825475, -0.0820672, 0.843641, -0.530598, 0.00209285, -0.043164, -0.0163733),
14: Transform3D(0.980961, -0.0256467, -0.192502, -0.176011, -0.536294, -0.825475, -0.0820672, 0.843641, -0.530598, 0.0066772, -0.0226165, -0.00179069),
15: Transform3D(1, 0, 0, 0, 1, 0, 0, 0, 1, -0.0174699, -0.000511743, 0.0313451),
16: Transform3D(0.987253, -0.147383, -0.0600754, 0.0924304, 0.223652, 0.970276, -0.129566, -0.963462, 0.234424, -0.0200039, -0.00103797, -0.0239047),
17: Transform3D(0.9715, 0.0360355, -0.234284, 0.0842111, -0.976371, 0.19902, -0.221576, -0.213077, -0.951579, -0.0176033, -0.0398093, -0.0332721),
18: Transform3D(0.968573, 0.211232, -0.13133, 0.0083509, -0.555319, -0.831595, -0.24859, 0.804364, -0.539631, -0.0112239, -0.0452286, -0.00736094),
19: Transform3D(0.968573, 0.211232, -0.13133, 0.0083509, -0.555319, -0.831595, -0.24859, 0.804364, -0.539631, -0.00785811, -0.0254168, 0.00748161),
20: Transform3D(0.87488, -0.405979, 0.264133, 0.395699, 0.913602, 0.0935653, -0.279298, 0.0226588, 0.959937, -0.0256739, -0.00399984, 0.0320644),
21: Transform3D(0.949072, -0.193519, -0.248621, 0.279348, 0.151952, 0.94809, -0.145695, -0.969258, 0.198273, -0.0380271, -0.00837672, -0.0128401),
22: Transform3D(0.941985, 0.0989742, -0.320731, 0.175099, -0.960116, 0.217983, -0.286365, -0.261496, -0.921745, -0.0302007, -0.0382216, -0.0190816),
23: Transform3D(0.919562, 0.377035, -0.110681, 0.152007, -0.601062, -0.784613, -0.362353, 0.704676, -0.610026, -0.0235254, -0.0427586, 0.000102777),
24: Transform3D(0.919562, 0.377035, -0.110681, 0.152007, -0.601062, -0.784613, -0.362353, 0.704676, -0.610026, -0.020337, -0.0258438, 0.0145929),
25: Transform3D(1, 0, 0, 0, 1, 0, 0, 0, 1, 0, 0, 0)
}

[sub_resource type="Resource" id="Resource_g4r8i"]
script = ExtResource("1")
name = "Five"
hand = 0
bone_poses = {
0: Transform3D(1, 0, 0, 0, 1, 0, 0, 0, 1, -0.0031711, 0.00474292, 0.0660924),
1: Transform3D(0.242054, 0.643771, -0.725926, -0.885994, 0.451631, 0.105092, 0.395506, 0.617728, 0.679697, 0.0295429, -0.00791242, 0.0326549),
2: Transform3D(0.432425, 0.746134, -0.506253, -0.815122, 0.563513, 0.134275, 0.385468, 0.354594, 0.851867, 0.0537277, -0.0114136, 0.0100103),
3: Transform3D(0.23077, 0.712172, -0.662991, -0.879871, 0.443649, 0.1703, 0.415418, 0.544046, 0.729, 0.0712581, -0.0160633, -0.0194879),
4: Transform3D(0.23077, 0.712172, -0.662991, -0.879871, 0.443649, 0.1703, 0.415418, 0.544046, 0.729, 0.0885551, -0.0192833, -0.0375701),
5: Transform3D(1, 0, 0, 0, 1, 0, 0, 0, 1, 0.0180124, -0.00308416, 0.0297003),
6: Transform3D(0.981361, 0.0694548, -0.179182, -0.050039, 0.992594, 0.110693, 0.185543, -0.0996633, 0.977569, 0.0209612, -0.0027542, -0.0322745),
7: Transform3D(0.986109, 0.0392591, -0.161391, -0.000538977, 0.972416, 0.233251, 0.166097, -0.229924, 0.95893, 0.0279249, -0.00705619, -0.0702667),
8: Transform3D(0.993932, -0.00149494, -0.109985, 0.0205946, 0.984754, 0.172728, 0.10805, -0.173945, 0.97881, 0.0319441, -0.012865, -0.0941477),
9: Transform3D(0.993932, -0.00149494, -0.109985, 0.0205946, 0.984754, 0.172728, 0.10805, -0.173945, 0.97881, 0.0341619, -0.015795, -0.116793),
10: Transform3D(1, 0, 0, 0, 1, 0, 0, 0, 1, 0.00140265, -0.00213701, 0.0319162),
11: Transform3D(0.999803, -0.0173607, -0.0096334, 0.0179231, 0.997931, 0.0617391, 0.00854164, -0.0618996, 0.998046, -0.00140257, 0.00213694, -0.0319162),
12: Transform3D(0.9992, -0.0398117, -0.00382902, 0.0399649, 0.990109, 0.134487, -0.001563, -0.134532, 0.990908, -0.000978833, -0.000578813, -0.0758174),
13: Transform3D(0.993077, -0.11712, 0.00904056, 0.116682, 0.992393, 0.0392656, -0.0135706, -0.0379388, 0.999188, -0.000870709, -0.00437534, -0.103791),
14: Transform3D(0.993077, -0.11712, 0.00904056, 0.116682, 0.992393, 0.0392656, -0.0135706, -0.0379388, 0.999188, -0.00155261, -0.0042602, -0.129391),
15: Transform3D(1, 0, 0, 0, 1, 0, 0, 0, 1, -0.0185337, -0.00142139, 0.0304581),
16: Transform3D(0.985129, -0.109758, 0.132187, 0.0999592, 0.99188, 0.0786334, -0.139744, -0.0642508, 0.988101, -0.0210676, -0.00194764, -0.0247917),
17: Transform3D(0.974376, -0.189925, 0.120495, 0.167752, 0.970498, 0.173186, -0.149832, -0.148535, 0.97749, -0.0263497, -0.00508981, -0.0642754),
18: Transform3D(0.977376, -0.204042, 0.0557001, 0.189393, 0.961527, 0.198987, -0.0941588, -0.183936, 0.978418, -0.0296307, -0.00980561, -0.0908921),
19: Transform3D(0.977376, -0.204042, 0.0557001, 0.189393, 0.961527, 0.198987, -0.0941588, -0.183936, 0.978418, -0.0316137, -0.0132313, -0.115559),
20: Transform3D(0.87488, -0.405979, 0.264133, 0.395699, 0.913602, 0.0935652, -0.279298, 0.0226589, 0.959937, -0.0267376, -0.00490952, 0.0311774),
21: Transform3D(0.903053, -0.251633, 0.348104, 0.210403, 0.965689, 0.152237, -0.374468, -0.064236, 0.925012, -0.0390909, -0.00928636, -0.0137271),
22: Transform3D(0.846377, -0.368971, 0.384066, 0.275605, 0.920506, 0.276967, -0.455728, -0.128568, 0.880785, -0.0500488, -0.0140787, -0.0428457),
23: Transform3D(0.880219, -0.374093, 0.292008, 0.300936, 0.915774, 0.266074, -0.36695, -0.146328, 0.91866, -0.0580424, -0.0198431, -0.0611773),
24: Transform3D(0.880219, -0.374093, 0.292008, 0.300936, 0.915774, 0.266074, -0.36695, -0.146328, 0.91866, -0.0648458, -0.024603, -0.0820889),
25: Transform3D(1, 0, 0, 0, 1, 0, 0, 0, 1, 0, 0, 0)
}

[sub_resource type="Resource" id="Resource_kpxmw"]
script = ExtResource("1")
name = "Four"
hand = 0
bone_poses = {
0: Transform3D(1, 0, 0, 0, 1, 0, 0, 0, 1, -0.000136059, 0.00639077, 0.0675925),
1: Transform3D(-0.217754, 0.95503, -0.201249, -0.895862, -0.113752, 0.429525, 0.387317, 0.273822, 0.880345, 0.0204377, -0.0194471, 0.0281548),
2: Transform3D(-0.0946509, 0.620875, 0.778175, -0.941977, -0.308739, 0.131756, 0.322057, -0.720552, 0.614072, 0.0271424, -0.0337571, -0.00117462),
3: Transform3D(-0.0838045, -0.0565268, 0.994878, -0.884561, -0.455493, -0.100392, 0.458834, -0.888443, -0.0118289, 0.000196094, -0.0383195, -0.0224385),
4: Transform3D(-0.0838045, -0.0565268, 0.994878, -0.884561, -0.455493, -0.100392, 0.458834, -0.888443, -0.0118289, -0.0248748, -0.0356615, -0.0233905),
5: Transform3D(1, 0, 0, 0, 1, 0, 0, 0, 1, 0.0149772, -0.00802761, 0.0282003),
6: Transform3D(0.981535, 0.0533602, -0.183688, -0.047689, 0.998243, 0.0351571, 0.185241, -0.025748, 0.982356, 0.0239962, -0.00110638, -0.0307744),
7: Transform3D(0.985524, 0.00365196, -0.169498, 0.00342161, 0.999136, 0.0414217, 0.169502, -0.041402, 0.98466, 0.031135, -0.00247271, -0.0689526),
8: Transform3D(0.992477, -0.0485737, -0.112385, 0.0371613, 0.994141, -0.101503, 0.116657, 0.0965628, 0.988467, 0.0353562, -0.00350427, -0.0934744),
9: Transform3D(0.992477, -0.0485737, -0.112385, 0.0371613, 0.994141, -0.101503, 0.116657, 0.0965628, 0.988467, 0.0375799, -0.000145283, -0.11606),
10: Transform3D(1, 0, 0, 0, 1, 0, 0, 0, 1, -0.00163246, -0.00378479, 0.0304161),
11: Transform3D(0.99897, -0.020802, -0.0403211, 0.0197796, 0.999477, -0.0255908, 0.0408323, 0.0247669, 0.998859, 0.00163248, 0.00378481, -0.0304161),
12: Transform3D(0.998564, -0.0433744, -0.0314464, 0.0424572, 0.998669, -0.0292713, 0.0326742, 0.0278941, 0.999077, 0.00340607, 0.00491049, -0.074353),
13: Transform3D(0.993095, -0.116969, -0.00901559, 0.112862, 0.973542, -0.198688, 0.0320174, 0.196299, 0.980021, 0.00429377, 0.00573681, -0.102557),
14: Transform3D(0.993095, -0.116969, -0.00901559, 0.112862, 0.973542, -0.198688, 0.0320174, 0.196299, 0.980021, 0.00407401, 0.0119184, -0.127409),
15: Transform3D(1, 0, 0, 0, 1, 0, 0, 0, 1, -0.0154986, 0.000226411, 0.0319582),
16: Transform3D(0.993602, -0.104107, 0.0437718, 0.10605, 0.993357, -0.0446767, -0.0388298, 0.0490329, 0.998042, -0.0180326, -0.000299786, -0.0232916),
17: Transform3D(0.984083, -0.17118, 0.0477288, 0.172822, 0.984411, -0.0326658, -0.041393, 0.0403944, 0.998326, -0.0197817, 0.00148548, -0.0631725),
18: Transform3D(0.984235, -0.176861, -0.00103089, 0.176016, 0.980073, -0.0920572, 0.0172916, 0.0904244, 0.995753, -0.0210814, 0.00237496, -0.0903565),
19: Transform3D(0.984235, -0.176861, -0.00103089, 0.176016, 0.980073, -0.0920572, 0.0172916, 0.0904244, 0.995753, -0.0216072, 0.00623814, -0.115033),
20: Transform3D(0.87488, -0.405979, 0.264133, 0.395699, 0.913602, 0.0935652, -0.279298, 0.022659, 0.959937, -0.0237026, -0.0032617, 0.0326775),
21: Transform3D(0.966088, -0.234778, 0.107482, 0.234596, 0.971985, 0.0145159, -0.107879, 0.0111912, 0.994101, -0.0360558, -0.00763852, -0.012227),
22: Transform3D(0.932415, -0.308579, 0.1881, 0.307098, 0.95093, 0.0377139, -0.190508, 0.0226003, 0.981425, -0.0394392, -0.00809546, -0.0435204),
23: Transform3D(0.947348, -0.301821, 0.106938, 0.306312, 0.951519, -0.0280159, -0.0932978, 0.0592972, 0.993871, -0.0433542, -0.0088804, -0.0639467),
24: Transform3D(0.947348, -0.301821, 0.106938, 0.306312, 0.951519, -0.0280159, -0.0932978, 0.0592972, 0.993871, -0.0458932, -0.006988, -0.0862225),
25: Transform3D(1, 0, 0, 0, 1, 0, 0, 0, 1, 0, 0, 0)
}

[sub_resource type="Resource" id="Resource_dhfbo"]
script = ExtResource("1")
name = "Grip"
hand = 0
bone_poses = {
0: Transform3D(1, 0, 0, 0, 1, 0, 0, 0, 1, -0.000858275, 0.00618842, 0.0674419),
1: Transform3D(-0.288604, 0.933123, -0.214451, -0.659288, -0.0312593, 0.75124, 0.694296, 0.358196, 0.624218, 0.0226043, -0.0180307, 0.0286064),
2: Transform3D(-0.128156, 0.969917, 0.206971, -0.751412, -0.231163, 0.618016, 0.647268, -0.0763179, 0.758432, 0.0297489, -0.0430588, 0.00781005),
3: Transform3D(-0.231326, 0.790854, 0.566603, -0.63852, -0.562828, 0.524897, 0.734017, -0.240365, 0.635172, 0.022582, -0.0644593, -0.0184526),
4: Transform3D(-0.231326, 0.790854, 0.566603, -0.63852, -0.562828, 0.524897, 0.734017, -0.240365, 0.635172, 0.00929588, -0.0778393, -0.0352149),
5: Transform3D(1, 0, 0, 0, 1, 0, 0, 0, 1, 0.0156994, -0.00742056, 0.0283508),
6: Transform3D(0.995998, 0.0327539, 0.0831631, -0.083702, 0.668158, 0.739297, -0.0313512, -0.743299, 0.668225, 0.023274, -0.00130872, -0.0309249),
7: Transform3D(0.995212, -0.0953016, 0.0216879, -0.0600499, -0.421134, 0.905009, -0.0771153, -0.901978, -0.42484, 0.0200419, -0.0300407, -0.0568948),
8: Transform3D(0.990726, -0.135769, -0.00535344, -0.112913, -0.844577, 0.523393, -0.075582, -0.517934, -0.852075, 0.0195018, -0.0525789, -0.0463146),
9: Transform3D(0.990726, -0.135769, -0.00535344, -0.112913, -0.844577, 0.523393, -0.075582, -0.517934, -0.852075, 0.0191818, -0.0654257, -0.0273099),
10: Transform3D(1, 0, 0, 0, 1, 0, 0, 0, 1, -0.000910247, -0.00358243, 0.0305667),
11: Transform3D(0.995912, -0.0733876, 0.0526573, 0.00980882, 0.667403, 0.744632, -0.0897904, -0.741072, 0.665395, 0.000910241, 0.00358245, -0.0305666),
12: Transform3D(0.993241, -0.0925329, -0.0700737, 0.0186096, -0.46895, 0.883029, -0.11457, -0.878364, -0.464058, -0.00140598, -0.0291717, -0.0598354),
13: Transform3D(0.969882, -0.154968, -0.187921, -0.0714928, -0.918641, 0.388571, -0.232848, -0.363433, -0.902052, 0.000572186, -0.0540995, -0.0467352),
14: Transform3D(0.969882, -0.154968, -0.187921, -0.0714928, -0.918641, 0.388571, -0.232848, -0.363433, -0.902052, 0.00489212, -0.0650877, -0.0240093),
15: Transform3D(1, 0, 0, 0, 1, 0, 0, 0, 1, -0.0162208, 2.40877e-05, 0.0318076),
16: Transform3D(0.977785, -0.199512, 0.0642805, 0.0913549, 0.681622, 0.725979, -0.188657, -0.703979, 0.684706, -0.0187548, -0.000502128, -0.0234422),
17: Transform3D(0.955484, -0.202124, -0.214934, 0.136983, -0.341305, 0.929917, -0.261317, -0.917963, -0.298424, -0.0213234, -0.0295116, -0.0508024),
18: Transform3D(0.932439, -0.0204279, -0.360749, 0.151502, -0.884295, 0.441667, -0.328031, -0.466482, -0.821456, -0.0154708, -0.0548329, -0.0426764),
19: Transform3D(0.932439, -0.0204279, -0.360749, 0.151502, -0.884295, 0.441667, -0.328031, -0.466482, -0.821456, -0.00675856, -0.0673395, -0.0228821),
20: Transform3D(0.87488, -0.405979, 0.264133, 0.395699, 0.913602, 0.0935653, -0.279298, 0.0226588, 0.959937, -0.0244248, -0.00346403, 0.0325269),
21: Transform3D(0.93024, -0.366821, 0.00979906, 0.253304, 0.66123, 0.706124, -0.265501, -0.654383, 0.70802, -0.036778, -0.00784085, -0.0123776),
22: Transform3D(0.877001, -0.368313, -0.30857, 0.25299, -0.192012, 0.948223, -0.408492, -0.909658, -0.0752151, -0.0370865, -0.030069, -0.0346653),
23: Transform3D(0.836228, -0.0899614, -0.540953, 0.331955, -0.702146, 0.629918, -0.436496, -0.706327, -0.557291, -0.0306642, -0.0498043, -0.0330999),
24: Transform3D(0.836228, -0.0899614, -0.540953, 0.331955, -0.702146, 0.629918, -0.436496, -0.706327, -0.557291, -0.0184133, -0.0647458, -0.0215715),
25: Transform3D(1, 0, 0, 0, 1, 0, 0, 0, 1, 0, 0, 0)
}

[sub_resource type="Resource" id="Resource_k56vg"]
script = ExtResource("1")
name = "Horns"
hand = 0
bone_poses = {
0: Transform3D(1, 0, 0, 0, 1, 0, 0, 0, 1, -0.00114533, 0.00608966, 0.0673621),
1: Transform3D(-0.215672, 0.926192, -0.309279, -0.782605, 0.0254635, 0.621997, 0.583964, 0.376191, 0.719352, 0.0234653, -0.0173394, 0.0288458),
2: Transform3D(-0.0780606, 0.789317, 0.609003, -0.838549, -0.382374, 0.388105, 0.539205, -0.480383, 0.691729, 0.0337692, -0.0380617, 0.00488001),
3: Transform3D(-0.101363, 0.0118117, 0.994779, -0.758091, -0.64843, -0.0695464, 0.644223, -0.761183, 0.0746813, 0.0126809, -0.0515009, -0.0190729),
4: Transform3D(-0.101363, 0.0118117, 0.994779, -0.758091, -0.64843, -0.0695464, 0.644223, -0.761183, 0.0746813, -0.0123035, -0.04991, -0.0221983),
5: Transform3D(1, 0, 0, 0, 1, 0, 0, 0, 1, 0.0159865, -0.00712428, 0.0284306),
6: Transform3D(0.993446, 0.0532676, 0.101133, -0.0679199, 0.986732, 0.147469, -0.0919356, -0.153371, 0.983883, 0.0229869, -0.00140747, -0.0310047),
7: Transform3D(0.993315, -0.0168275, 0.114206, -0.0193038, 0.951176, 0.308045, -0.113814, -0.30819, 0.944492, 0.0190565, -0.00713872, -0.0692423),
8: Transform3D(0.984892, -0.0430894, 0.167723, -0.0031408, 0.963944, 0.266087, -0.173142, -0.262594, 0.949245, 0.0162123, -0.0148102, -0.0927637),
9: Transform3D(0.984892, -0.0430894, 0.167723, -0.0031408, 0.963944, 0.266087, -0.173142, -0.262594, 0.949245, 0.0120253, -0.0198943, -0.11474),
10: Transform3D(1, 0, 0, 0, 1, 0, 0, 0, 1, -0.000623242, -0.00348366, 0.0306465),
11: Transform3D(0.993992, -0.0977918, 0.0491601, 0.0082888, 0.515108, 0.857085, -0.109139, -0.851528, 0.512824, 0.000623227, 0.0034837, -0.0306465),
12: Transform3D(0.990677, -0.0248265, -0.133949, 0.0111588, -0.965162, 0.261414, -0.135773, -0.260472, -0.955887, -0.0015392, -0.0342169, -0.0532041),
13: Transform3D(0.977455, -0.0289196, -0.209152, -0.163256, -0.731696, -0.661792, -0.133897, 0.681017, -0.719921, 0.00224218, -0.0415966, -0.0262195),
14: Transform3D(0.977455, -0.0289196, -0.209152, -0.163256, -0.731696, -0.661792, -0.133897, 0.681017, -0.719921, 0.00724975, -0.0254681, -0.0069669),
15: Transform3D(1, 0, 0, 0, 1, 0, 0, 0, 1, -0.0165079, -7.46958e-05, 0.0317278),
16: Transform3D(0.985408, -0.169899, -0.0102272, 0.092699, 0.485318, 0.86941, -0.142748, -0.857672, 0.493985, -0.0190418, -0.000600867, -0.0235219),
17: Transform3D(0.966224, -0.00513708, -0.257653, 0.109999, -0.895925, 0.430371, -0.233049, -0.444176, -0.865099, -0.0186332, -0.0353417, -0.0432612),
18: Transform3D(0.95589, 0.184516, -0.228535, 0.0587293, -0.882411, -0.4668, -0.287794, 0.432788, -0.854324, -0.0116174, -0.0470605, -0.0197048),
19: Transform3D(0.95589, 0.184516, -0.228535, 0.0587293, -0.882411, -0.4668, -0.287794, 0.432788, -0.854324, -0.0058693, -0.0368944, 0.00237996),
20: Transform3D(0.87488, -0.405979, 0.264133, 0.395699, 0.913602, 0.0935652, -0.279298, 0.0226589, 0.959937, -0.0247118, -0.00356278, 0.0324472),
21: Transform3D(0.957851, -0.270395, 0.0969964, 0.241277, 0.940513, 0.23921, -0.155907, -0.205724, 0.966111, -0.0370651, -0.0079396, -0.0124573),
22: Transform3D(0.921367, -0.35655, 0.154775, 0.29485, 0.900579, 0.319408, -0.253272, -0.248656, 0.934892, -0.0401184, -0.0154697, -0.0428696),
23: Transform3D(0.932164, -0.358091, 0.053305, 0.32466, 0.891971, 0.314616, -0.160208, -0.275968, 0.947721, -0.0433397, -0.0221175, -0.0623275),
24: Transform3D(0.932164, -0.358091, 0.053305, 0.32466, 0.891971, 0.314616, -0.160208, -0.275968, 0.947721, -0.0447479, -0.0279915, -0.0840012),
25: Transform3D(1, 0, 0, 0, 1, 0, 0, 0, 1, 0, 0, 0)
}

[sub_resource type="Resource" id="Resource_u5ein"]
script = ExtResource("1")
name = "Metal"
hand = 0
bone_poses = {
0: Transform3D(1, 0, 0, 0, 1, 0, 0, 0, 1, -0.00321237, 0.00467887, 0.0660266),
1: Transform3D(0.13445, 0.628806, -0.76585, -0.863998, 0.45283, 0.220119, 0.485212, 0.632098, 0.60417, 0.0296666, -0.00746401, 0.0328521),
2: Transform3D(0.344067, 0.551402, -0.759983, -0.797366, 0.598991, 0.0736037, 0.495808, 0.58066, 0.645762, 0.0551815, -0.0147975, 0.0127236),
3: Transform3D(0.145435, 0.390057, -0.909233, -0.879472, 0.471925, 0.0617793, 0.453187, 0.790659, 0.411679, 0.0814979, -0.0173462, -0.00963757),
4: Transform3D(0.145435, 0.390057, -0.909233, -0.879472, 0.471925, 0.0617793, 0.453187, 0.790659, 0.411679, 0.104719, -0.0178022, -0.0194904),
5: Transform3D(1, 0, 0, 0, 1, 0, 0, 0, 1, 0.0180536, -0.002892, 0.0297659),
6: Transform3D(0.992968, 0.0656727, 0.0984922, -0.0627024, 0.997488, -0.03296, -0.100409, 0.0265526, 0.994592, 0.0209199, -0.00281824, -0.0323402),
7: Transform3D(0.993512, 0.00407381, 0.113651, -0.010801, 0.998221, 0.058639, -0.11321, -0.0594861, 0.991789, 0.0170921, -0.00153733, -0.070994),
8: Transform3D(0.985808, -0.0161361, 0.167101, 0.0207948, 0.999441, -0.0261675, -0.166586, 0.029271, 0.985592, 0.0142618, -0.00299766, -0.0956933),
9: Transform3D(0.985808, -0.0161361, 0.167101, 0.0207948, 0.999441, -0.0261675, -0.166586, 0.029271, 0.985592, 0.0101169, -0.0013545, -0.118198),
10: Transform3D(1, 0, 0, 0, 1, 0, 0, 0, 1, 0.00144384, -0.00207294, 0.0319819),
11: Transform3D(0.983979, -0.162698, 0.0729067, 0.00486051, 0.433258, 0.901257, -0.17822, -0.886463, 0.427108, -0.00144384, 0.00207289, -0.031982),
12: Transform3D(0.978835, -0.076773, -0.189702, 0.00570374, -0.916372, 0.400288, -0.204569, -0.392898, -0.896539, -0.00465079, -0.0375707, -0.0507691),
13: Transform3D(0.960306, -0.0522387, -0.274012, -0.146314, -0.930663, -0.335348, -0.237495, 0.362128, -0.901365, 0.000704481, -0.0488708, -0.0254599),
14: Transform3D(0.960306, -0.0522387, -0.274012, -0.146314, -0.930663, -0.335348, -0.237495, 0.362128, -0.901365, 0.0073495, -0.0413305, -0.0019046),
15: Transform3D(1, 0, 0, 0, 1, 0, 0, 0, 1, -0.018575, -0.00148546, 0.0303924),
16: Transform3D(0.983872, -0.176555, -0.028711, 0.0915015, 0.358845, 0.928901, -0.1537, -0.916547, 0.369213, -0.0211089, -0.0020117, -0.0248575),
17: Transform3D(0.964636, -0.00535441, -0.26353, 0.097433, -0.921737, 0.375376, -0.244915, -0.387778, -0.88862, -0.0199617, -0.0391298, -0.0396109),
18: Transform3D(0.952572, 0.169878, -0.252485, 0.0504744, -0.906392, -0.419413, -0.3001, 0.386776, -0.871977, -0.0127858, -0.0493511, -0.0154141),
19: Transform3D(0.952572, 0.169878, -0.252485, 0.0504744, -0.906392, -0.419413, -0.3001, 0.386776, -0.871977, -0.00646394, -0.0404034, 0.00703826),
20: Transform3D(0.87488, -0.405979, 0.264133, 0.395699, 0.913602, 0.0935651, -0.279298, 0.022659, 0.959937, -0.0267789, -0.00497358, 0.0311117),
21: Transform3D(0.962302, -0.268063, 0.0460048, 0.246365, 0.93077, 0.270134, -0.115233, -0.248616, 0.961723, -0.0391321, -0.0093504, -0.0137928),
22: Transform3D(0.929511, -0.358363, 0.0870962, 0.29845, 0.869671, 0.393191, -0.21665, -0.339481, 0.915322, -0.0405803, -0.0178539, -0.0440669),
23: Transform3D(0.933653, -0.357897, -0.0142142, 0.33542, 0.859718, 0.385199, -0.125641, -0.36441, 0.922724, -0.042393, -0.0260374, -0.0631175),
24: Transform3D(0.933653, -0.357897, -0.0142142, 0.33542, 0.859718, 0.385199, -0.125641, -0.36441, 0.922724, -0.0422839, -0.0335344, -0.0843312),
25: Transform3D(1, 0, 0, 0, 1, 0, 0, 0, 1, 0, 0, 0)
}

[sub_resource type="Resource" id="Resource_p1yky"]
script = ExtResource("1")
name = "OK"
hand = 0
bone_poses = {
0: Transform3D(1, 0, 0, 0, 1, 0, 0, 0, 1, -0.00100778, 0.00598819, 0.0658348),
1: Transform3D(-0.28069, 0.927307, -0.247617, -0.667636, -0.0032922, 0.744481, 0.689548, 0.374286, 0.620027, 0.0225891, -0.0172149, 0.028081),
2: Transform3D(-0.105543, 0.994354, 0.0109901, -0.756559, -0.0874653, 0.64805, 0.645352, 0.0600824, 0.761519, 0.0306476, -0.0414436, 0.0079025),
3: Transform3D(-0.239402, 0.910412, 0.337397, -0.65701, -0.40776, 0.63409, 0.71486, -0.0698711, 0.695768, 0.0302759, -0.0633644, -0.0178566),
4: Transform3D(-0.239402, 0.910412, 0.337397, -0.65701, -0.40776, 0.63409, 0.71486, -0.0698711, 0.695768, 0.0230675, -0.0789506, -0.0355342),
5: Transform3D(1, 0, 0, 0, 1, 0, 0, 0, 1, 0.0155053, -0.00707806, 0.02774),
6: Transform3D(0.964978, 0.24978, -0.0801722, -0.069061, 0.536718, 0.840931, 0.253078, -0.805943, 0.535171, 0.0225657, -0.00133533, -0.0302545),
7: Transform3D(0.97727, 0.174659, 0.120161, -0.0535414, -0.345082, 0.937044, 0.205128, -0.922178, -0.327886, 0.0256094, -0.0332605, -0.0505717),
8: Transform3D(0.97412, 0.0878596, 0.208259, -0.110262, -0.619594, 0.777139, 0.197315, -0.779989, -0.593871, 0.0226862, -0.0560562, -0.0425952),
9: Transform3D(0.97412, 0.0878596, 0.208259, -0.110262, -0.619594, 0.777139, 0.197315, -0.779989, -0.593871, 0.0178262, -0.0740556, -0.03016),
10: Transform3D(1, 0, 0, 0, 1, 0, 0, 0, 1, -0.000719791, -0.00344262, 0.0299046),
11: Transform3D(0.998973, -0.00296172, -0.0452227, 0.0178541, 0.942882, 0.332648, 0.0416544, -0.333113, 0.941966, 0.000719791, 0.00344254, -0.0299045),
12: Transform3D(0.999008, -0.0242726, -0.0373377, 0.0362114, 0.930777, 0.36379, 0.0259229, -0.364781, 0.930732, 0.00266295, -0.0108508, -0.0703795),
13: Transform3D(0.994699, -0.100836, -0.0201318, 0.102792, 0.970056, 0.220059, -0.00266107, -0.220962, 0.975279, 0.00369261, -0.0208828, -0.0960456),
14: Transform3D(0.994699, -0.100836, -0.0201318, 0.102792, 0.970056, 0.220059, -0.00266107, -0.220962, 0.975279, 0.00377356, -0.0253094, -0.120668),
15: Transform3D(1, 0, 0, 0, 1, 0, 0, 0, 1, -0.0160146, -3.33935e-05, 0.0310255),
16: Transform3D(0.982624, -0.0879905, 0.163427, 0.100313, 0.992579, -0.0687316, -0.156167, 0.0839313, 0.984158, -0.0184899, -0.000547417, -0.022945),
17: Transform3D(0.973474, -0.157079, 0.166359, 0.16735, 0.984652, -0.0495496, -0.156022, 0.0760754, 0.98482, -0.0248692, 0.0021354, -0.0613605),
18: Transform3D(0.980354, -0.161576, 0.113138, 0.171458, 0.981619, -0.0838251, -0.0975139, 0.101577, 0.990037, -0.0292942, 0.0034534, -0.0875558),
19: Transform3D(0.980354, -0.161576, 0.113138, 0.171458, 0.981619, -0.0838251, -0.0975139, 0.101577, 0.990037, -0.0325622, 0.00703042, -0.111474),
20: Transform3D(0.87488, -0.405979, 0.264133, 0.395699, 0.913602, 0.0935652, -0.279298, 0.022659, 0.959937, -0.0240286, -0.00344074, 0.0317282),
21: Transform3D(0.875661, -0.0206975, 0.482483, 0.177884, 0.942659, -0.282404, -0.448972, 0.333116, 0.829131, -0.0360958, -0.00771629, -0.0121365),
22: Transform3D(0.827496, -0.0711099, 0.556951, 0.27253, 0.91813, -0.287689, -0.490896, 0.389847, 0.779128, -0.0509323, 0.000967746, -0.0376325),
23: Transform3D(0.878425, -0.0451671, 0.475741, 0.23962, 0.902959, -0.356716, -0.413463, 0.427345, 0.804005, -0.0622557, 0.00681676, -0.053473),
24: Transform3D(0.878425, -0.0451671, 0.475741, 0.23962, 0.902959, -0.356716, -0.413463, 0.427345, 0.804005, -0.0725334, 0.0158027, -0.0706976),
25: Transform3D(1, 0, 0, 0, 1, 0, 0, 0, 1, 0, 0, 0)
}

[sub_resource type="Resource" id="Resource_slduo"]
script = ExtResource("1")
name = "One"
hand = 0
bone_poses = {
0: Transform3D(1, 0, 0, 0, 1, 0, 0, 0, 1, -0.00153563, 0.00593477, 0.0672313),
1: Transform3D(-0.188333, 0.905128, -0.381147, -0.790359, 0.0906883, 0.605895, 0.582978, 0.415353, 0.698297, 0.0246364, -0.0162553, 0.0292384),
2: Transform3D(-0.0477275, 0.810386, 0.583949, -0.836385, -0.352023, 0.420167, 0.546061, -0.468352, 0.694596, 0.0373346, -0.0364412, 0.00597407),
3: Transform3D(-0.0755882, -0.0297689, 0.996695, -0.760382, -0.644904, -0.0769283, 0.645063, -0.763683, 0.0261114, 0.0171139, -0.0509906, -0.0180781),
4: Transform3D(-0.0755882, -0.0297689, 0.996695, -0.760382, -0.644904, -0.0769283, 0.645063, -0.763683, 0.0261114, -0.00798027, -0.0492084, -0.0199829),
5: Transform3D(1, 0, 0, 0, 1, 0, 0, 0, 1, 0.0163768, -0.00665971, 0.0285614),
6: Transform3D(0.994253, 0.0430596, 0.0980193, -0.0728095, 0.943182, 0.324202, -0.07849, -0.329475, 0.940896, 0.0225967, -0.00156238, -0.0311356),
7: Transform3D(0.993637, -0.0181991, 0.111146, -0.0288237, 0.912902, 0.407161, -0.108875, -0.407774, 0.906569, 0.0187872, -0.0141621, -0.0677025),
8: Transform3D(0.985333, -0.045468, 0.164475, -0.0192101, 0.928166, 0.37167, -0.169559, -0.369378, 0.913679, 0.0160192, -0.024302, -0.0902795),
9: Transform3D(0.985333, -0.045468, 0.164475, -0.0192101, 0.928166, 0.37167, -0.169559, -0.369378, 0.913679, 0.011904, -0.0318383, -0.111554),
10: Transform3D(1, 0, 0, 0, 1, 0, 0, 0, 1, -0.000232889, -0.00332883, 0.0307773),
11: Transform3D(0.984272, -0.167582, 0.0558916, 0.0047024, 0.341127, 0.940005, -0.176594, -0.924959, 0.33655, 0.000232889, 0.00332883, -0.0307773),
12: Transform3D(0.979176, -0.0116055, -0.202681, 0.00236584, -0.997645, 0.0685546, -0.202999, -0.0676066, -0.976842, -0.00222563, -0.0380193, -0.0455812),
13: Transform3D(0.972083, 0.0552035, -0.228049, -0.175403, -0.474585, -0.862556, -0.155845, 0.878477, -0.451653, 0.00349608, -0.0399546, -0.018005),
14: Transform3D(0.972083, 0.0552035, -0.228049, -0.175403, -0.474585, -0.862556, -0.155845, 0.878477, -0.451653, 0.00908678, -0.0183867, -0.005378),
15: Transform3D(1, 0, 0, 0, 1, 0, 0, 0, 1, -0.0168982, -0.000229542, 0.031597),
16: Transform3D(0.965698, -0.257469, -0.0337258, 0.0852591, 0.191711, 0.977741, -0.245272, -0.947078, 0.207086, -0.0194322, -0.000755773, -0.0236528),
17: Transform3D(0.939679, 0.0774871, -0.333164, 0.0694719, -0.996937, -0.0359233, -0.334927, 0.0106109, -0.942184, -0.0180845, -0.0398255, -0.0319278),
18: Transform3D(0.938962, 0.318864, -0.129137, -0.010545, -0.348522, -0.937241, -0.343859, 0.881396, -0.323886, -0.0090126, -0.0388473, -0.00627246),
19: Transform3D(0.938962, 0.318864, -0.129137, -0.010545, -0.348522, -0.937241, -0.343859, 0.881396, -0.323886, -0.00551631, -0.0160564, 0.00334432),
20: Transform3D(0.87488, -0.405979, 0.264133, 0.395699, 0.913602, 0.0935652, -0.279298, 0.0226589, 0.959937, -0.0251022, -0.0037177, 0.0323163),
21: Transform3D(0.932371, -0.304945, -0.194144, 0.269319, 0.2277, 0.935746, -0.241145, -0.924749, 0.294428, -0.0374554, -0.00809451, -0.0125882),
22: Transform3D(0.905756, 0.107151, -0.410029, 0.167998, -0.979025, 0.115264, -0.389078, -0.173286, -0.90476, -0.0313439, -0.0375509, -0.0218565),
23: Transform3D(0.878598, 0.464387, -0.111404, 0.135417, -0.465962, -0.874381, -0.457961, 0.753143, -0.472279, -0.02281, -0.0399499, -0.00302583),
24: Transform3D(0.878598, 0.464387, -0.111404, 0.135417, -0.465962, -0.874381, -0.457961, 0.753143, -0.472279, -0.0195068, -0.0208545, 0.00840622),
25: Transform3D(1, 0, 0, 0, 1, 0, 0, 0, 1, 0, 0, 0)
}

[sub_resource type="Resource" id="Resource_as0ab"]
script = ExtResource("1")
name = "Phone"
hand = 0
bone_poses = {
0: Transform3D(1, 0, 0, 0, 1, 0, 0, 0, 1, -0.00319622, 0.00470471, 0.0660532),
1: Transform3D(0.352615, 0.629869, -0.692046, -0.882704, 0.469389, -0.0225428, 0.31064, 0.618821, 0.721501, 0.0296181, -0.00764464, 0.0327726),
2: Transform3D(0.546861, 0.52101, -0.655356, -0.778944, 0.603569, -0.17015, 0.306903, 0.603534, 0.735906, 0.0526742, -0.00689362, 0.00873519),
3: Transform3D(0.359487, 0.374919, -0.85452, -0.892745, 0.404727, -0.197995, 0.271615, 0.834046, 0.480201, 0.0753676, -0.0010017, -0.0167475),
4: Transform3D(0.359487, 0.374919, -0.85452, -0.892745, 0.404727, -0.197995, 0.271615, 0.834046, 0.480201, 0.0970475, 0.00502651, -0.0281565),
5: Transform3D(1, 0, 0, 0, 1, 0, 0, 0, 1, 0.0180374, -0.00296939, 0.0297395),
6: Transform3D(0.995946, 0.0320491, 0.0840538, -0.0892252, 0.233036, 0.968366, 0.0114478, -0.97194, 0.23495, 0.020936, -0.00279246, -0.0323136),
7: Transform3D(0.99524, -0.088421, -0.0409889, -0.0890231, -0.995943, -0.0131022, -0.0396641, 0.0166889, -0.999074, 0.0176694, -0.040427, -0.0414447),
8: Transform3D(0.994689, -0.0515378, -0.0890992, -0.102911, -0.480818, -0.87076, 0.00203659, 0.875304, -0.483568, 0.0186902, -0.0401006, -0.016564),
9: Transform3D(0.994689, -0.0515378, -0.0890992, -0.102911, -0.480818, -0.87076, 0.00203659, 0.875304, -0.483568, 0.0203764, -0.0206205, -0.00456388),
10: Transform3D(1, 0, 0, 0, 1, 0, 0, 0, 1, 0.00142764, -0.00209874, 0.0319554),
11: Transform3D(0.989068, -0.144489, 0.0294634, 0.00585881, 0.238149, 0.971211, -0.147346, -0.960421, 0.236392, -0.00142774, 0.00209872, -0.0319553),
12: Transform3D(0.984835, 0.000274248, -0.173494, 0.000732713, -0.999996, 0.00257857, -0.173493, -0.00266664, -0.984831, -0.00272368, -0.040622, -0.0423536),
13: Transform3D(0.977753, 0.0198421, -0.208818, -0.168277, -0.52012, -0.837352, -0.125225, 0.853863, -0.50521, 0.00217401, -0.0406948, -0.0145518),
14: Transform3D(0.977753, 0.0198421, -0.208818, -0.168277, -0.52012, -0.837352, -0.125225, 0.853863, -0.50521, 0.00722975, -0.0198271, -0.000593124),
15: Transform3D(1, 0, 0, 0, 1, 0, 0, 0, 1, -0.0185588, -0.00145962, 0.0304189),
16: Transform3D(0.969749, -0.241056, -0.0384641, 0.0863949, 0.191558, 0.977671, -0.228306, -0.951419, 0.206589, -0.0210928, -0.00198585, -0.0248309),
17: Transform3D(0.945301, 0.0746739, -0.317536, 0.0708734, -0.997208, -0.0235208, -0.318406, -0.000270575, -0.947954, -0.0195558, -0.0410527, -0.0330859),
18: Transform3D(0.942228, 0.2963, -0.156243, -0.00592126, -0.451632, -0.892185, -0.334919, 0.841567, -0.423786, -0.0109093, -0.0404123, -0.00727354),
19: Transform3D(0.942228, 0.2963, -0.156243, -0.00592126, -0.451632, -0.892185, -0.334919, 0.841567, -0.423786, -0.00677544, -0.0189156, 0.00476545),
20: Transform3D(0.87488, -0.405979, 0.264133, 0.395699, 0.913602, 0.0935651, -0.279298, 0.022659, 0.959937, -0.0267627, -0.00494776, 0.0311382),
21: Transform3D(0.856931, -0.424784, 0.291938, 0.214428, 0.808858, 0.547512, -0.46871, -0.40658, 0.784221, -0.039116, -0.00932459, -0.0137663),
22: Transform3D(0.792683, -0.505462, 0.340825, 0.230775, 0.766254, 0.599664, -0.564266, -0.39669, 0.724045, -0.0483059, -0.0265597, -0.0384529),
23: Transform3D(0.822122, -0.515877, 0.240804, 0.288828, 0.742439, 0.604453, -0.490606, -0.427383, 0.759375, -0.0553995, -0.0390405, -0.0535224),
24: Transform3D(0.822122, -0.515877, 0.240804, 0.288828, 0.742439, 0.604453, -0.490606, -0.427383, 0.759375, -0.061244, -0.0516207, -0.0712373),
25: Transform3D(1, 0, 0, 0, 1, 0, 0, 0, 1, 0, 0, 0)
}

[sub_resource type="Resource" id="Resource_xjcww"]
script = ExtResource("1")
name = "Pistol"
hand = 0
bone_poses = {
0: Transform3D(1, 0, 0, 0, 1, 0, 0, 0, 1, -0.00022554, 0.00636888, 0.0675773),
1: Transform3D(-0.273409, 0.949254, -0.155451, -0.767275, -0.117757, 0.630415, 0.580118, 0.291635, 0.760534, 0.0207061, -0.0192941, 0.0282004),
2: Transform3D(-0.134752, 0.855571, 0.499839, -0.847881, -0.360606, 0.388665, 0.512776, -0.371431, 0.774015, 0.0258851, -0.0402968, 0.00286254),
3: Transform3D(-0.183227, 0.466795, 0.865176, -0.749633, -0.635698, 0.184225, 0.635986, -0.61481, 0.466402, 0.00857682, -0.0537554, -0.0239397),
4: Transform3D(-0.183227, 0.466795, 0.865176, -0.749633, -0.635698, 0.184225, 0.635986, -0.61481, 0.466402, -0.0126068, -0.0585515, -0.0367761),
5: Transform3D(1, 0, 0, 0, 1, 0, 0, 0, 1, 0.0150667, -0.00796202, 0.0282155),
6: Transform3D(0.978511, 0.050307, 0.199963, -0.0713974, 0.992453, 0.0996978, -0.193438, -0.111832, 0.974718, 0.0239067, -0.00112827, -0.0307896),
7: Transform3D(0.976823, -0.00162531, 0.214043, -0.0214808, 0.994179, 0.105581, -0.212968, -0.107732, 0.971102, 0.0161354, -0.00500292, -0.0686709),
8: Transform3D(0.96373, -0.000965096, 0.266877, 0.00856283, 0.99959, -0.0273067, -0.266742, 0.0286016, 0.963344, 0.0108049, -0.0076323, -0.092855),
9: Transform3D(0.96373, -0.000965096, 0.266877, 0.00856283, 0.99959, -0.0273067, -0.266742, 0.0286016, 0.963344, 0.0043963, -0.00595918, -0.11482),
10: Transform3D(1, 0, 0, 0, 1, 0, 0, 0, 1, -0.00154297, -0.00376296, 0.0304314),
11: Transform3D(0.987651, -0.0375671, 0.152097, 0.00993763, 0.983893, 0.178485, -0.156353, -0.174769, 0.972116, 0.001543, 0.00376291, -0.0304313),
12: Transform3D(0.985195, -0.0591012, 0.160928, 0.0304898, 0.984137, 0.174769, -0.168704, -0.167275, 0.971369, -0.00514732, -0.00408814, -0.0731918),
13: Transform3D(0.978295, -0.0945454, 0.184389, 0.0979894, 0.995141, -0.00963515, -0.182582, 0.0274942, 0.982806, -0.00969034, -0.00902182, -0.100613),
14: Transform3D(0.978295, -0.0945454, 0.184389, 0.0979894, 0.995141, -0.00963515, -0.182582, 0.0274942, 0.982806, -0.0148269, -0.00764665, -0.125665),
15: Transform3D(1, 0, 0, 0, 1, 0, 0, 0, 1, -0.0155881, 0.000204548, 0.031943),
16: Transform3D(0.982484, -0.17404, 0.0665903, 0.0938765, 0.770965, 0.629921, -0.16097, -0.612637, 0.773799, -0.0181221, -0.000321697, -0.0233067),
17: Transform3D(0.961078, -0.12203, -0.247867, 0.145978, -0.537407, 0.830593, -0.234562, -0.834447, -0.498676, -0.020783, -0.0254928, -0.054227),
18: Transform3D(0.942035, 0.0797012, -0.325911, 0.139214, -0.976663, 0.163552, -0.30527, -0.199442, -0.931146, -0.0140337, -0.0481095, -0.0406483),
19: Transform3D(0.942035, 0.0797012, -0.325911, 0.139214, -0.976663, 0.163552, -0.30527, -0.199442, -0.931146, -0.00602731, -0.0538326, -0.0176857),
20: Transform3D(0.87488, -0.405979, 0.264133, 0.395699, 0.913602, 0.0935654, -0.279298, 0.0226587, 0.959937, -0.0237921, -0.00328357, 0.0326623),
21: Transform3D(0.953587, -0.291635, -0.0749774, 0.264104, 0.690421, 0.673475, -0.144643, -0.662019, 0.735398, -0.0361453, -0.00766041, -0.0122422),
22: Transform3D(0.912689, -0.0729946, -0.402083, 0.25933, -0.656963, 0.707918, -0.315828, -0.750381, -0.580673, -0.0337851, -0.0288608, -0.0353917),
23: Transform3D(0.873571, 0.294454, -0.387518, 0.294724, -0.95368, -0.0602613, -0.387313, -0.0615686, -0.91989, -0.0254165, -0.0435947, -0.0233062),
24: Transform3D(0.873571, 0.294454, -0.387518, 0.294724, -0.95368, -0.0602613, -0.387313, -0.0615686, -0.91989, -0.0161239, -0.0433549, -0.00281659),
25: Transform3D(1, 0, 0, 0, 1, 0, 0, 0, 1, 0, 0, 0)
}

[sub_resource type="Resource" id="Resource_nuqws"]
script = ExtResource("1")
name = "Rest"
hand = 0
bone_poses = {
0: Transform3D(1, 0, 0, 0, 1, 0, 0, 0, 1, -0.00211872, 0.0054871, 0.0653967),
